8 2.6 9.6 2.8 7.2 6.5
2.6 13.6 1.8 6.6 5.4 3.1
9.6 1.8 16.7 2.7 7.0 14.2
2.8 6.6 2.7 4.2 2.7 2.4
7.2 5.4 7.0 2.7 9.9 4.3
6.5 3.1 14.2 2.4 4.3 16.0